01010701020500000001020102020002080702000505000001020101010205000102070102020002010001010100000201020202010202020100020001010001020005020206000201010105000102020201010201010002010002010008000002020000
02010001000201010102020102000207000206000001000107000102000008010701010101010100020101010102020006000100080000020108010601020002020100000001060102000102000200020100070801010201020201010501020100020100
02000101020200020002010100020101010101000606050500020201020202020201000100010002000202000201020701020100010002010101010101010101010802000008000202020500010002020101000201010102010200050702000002070001
01010201020001080000000200010602000107000202010600020000000100010102000000000100010000000001000200010002020001000101060102000001010208020001020001080002010202020102020102020200010100010200020207000000
00020200010202000102000002000001000700000001020101020002020202020101010005010501000102010101010201000001050002000202000001010100000100000000000108000002010206080002010000010202010102020500020000000002
01010101010100000102020002020002010201060100010101020008010002020200010001010201000202010000020001020708000100020102000001000100000001020200000100020002000000000202000005020001020102010500020002000001
00020202000500020007000000000102010001010000060001010200020100010202000100020202020100010007060501000100010100000001000601000100020001000201020002000100020100020102020000020202070100020100050200010001
00020102020201020001020200010500070101070102000100000102000002020200020101050200070201010002020100020201070201000002010601000202010100010200070102020207000500010102000200010100000002020708010701020102
00000100010101000002010202010106020206000201010101000200000202020200020102020201000001010202010002000001020000020105010108000101020101020201000700020202020100000201010206020102000108000601000002020100
01010207020002000001050002000001010201000002020201010202060201000102020206010201020100010102010202020202020001000101020100010002020200000200000000020202010007020101000000010002000101000005020102020102
00010101010700020200010002010200020200010002010102020102010002020102000006000106020007000801050200000001070000020001020001020000080000020001060200020502010202010201000001010102020100010201010000000200
02000200020002010601010602000100000200010100000201060001010106020101010600010202020101000202000102000002020102070000020201020206010101010202010201020102020800010002020002010100020001000202020200000001
05000201010001020101070101020000000601010607000502000100000208010201020101000200020002020201000002000200010201000201000202010000000801020001020007020102010600010102010002050100000100010107010100010100
01020101010101020102000101000102010002070102010202020802020100000001020200020100020200000201000100000201010102000101020500020108010800020000000001010102010702080101020100010000020101010202010100000100
01020105020800020002010001010202010201020200020001010100020100020201000202070100010101010602000107000800000001000201010002000000060200020102010100000201020002020002010002020200020000000205070100010008
01000102010200010101080107020202000200010002020100020002070202020100010201020802000001010102000201010200010107010100060202020100020002010000000101000001010208010202000702010001020201010101020202020100
01010202010002010101010000010001020100010201020202010100010601000102010202020105000206020200020001020002020101010208020201000000000201000102010101020106010200020202000201020201010002010200020002020002
02060201010202000001000000000802010201020101010800020102010001010001010001020500000002010000020100010202020100000000020202020000000200020005020201020101070001020002020105020001010200060802020100060202
02070001000002020001020100020200020001010200020200000802020001000100010201010100010102000602000201010000000001020100000201010202020700010201000200000202020602010000020201020602080100010102020000000100
00010000020200000200000202000202000200000000010200000201010201000102010500050101020500010100000102020000060201020201000201010202020101060005000200020200010000000201000202000002000102020801010202010007
01020001010001010101020006010207000501000201000201000202000202020202000100010002010702000100020101080001000102020101000105000000050201010100010202050000020008080101010007000101000005010101020002010202
01010102020208020100000200000002020000000100000100000100060007000200020001000100000202050100010101000500020100010101020102010001000001060202010102080502000200000008000002010006000001020101000202020100
00000206000100020001000002000102010202020102010000010102010208020007010201000205000108010100000102020606000006000001000101020201000200010207000100060201010202020000000002010206080801000101020200000002
02020600010108000001000102010008000000000002060101020000010100020500000701000101010000000206000207070000010000010100000000010202050100020100000202000106020001010101010001020100010800010001020202020000
02020000000102050200020101020000050000000002010101020100010101020101020102000702020202010000000101010200000002020207020102080201010206000007020201060002010202070001010100020200000200020600020102000208
01010208080002020100020501020201010002070002020200010107020200020701010000000002010100000101010701060101000200000101060600010100070001010001020200000102020101010200000101010202020001050101010201020701
00020500020202080100020100010101060002000200000202000202000002020000000100010002020008020200020002020000080101000207000100020202000001010701010000010001000102010000080502010107010700020000000207000201
08020201010000010001010201000001000000020002000100000000010102020100020002000101050200010201010208010002020101000702010207010801010101010202020100020100080001000100010202010001020100020207060601080102
02000101060202000101020800010201070100010202010108020101050100000000000202020101020001010202010100010001010101020200000002020101000002020700020701000702010101010000020100020100010100010201010600020001
00070100010006000100080202010008010002020000020002010101050201020102000700020002010200010000000102020001020201020200000801020002020002000200010200020200010002020002010102020200020000050000010100080200
08020100060100000002000700010208010102020202020202010202020200010002010801000001080002010100080200010002070002000108020202010202050601010802000001020201080000010802010200000202020200000202020000010200
05010000000201000700000107000102010600000001000201010000060002000100000501020002060202020000010506010102020200010001020001020002000600000000010101000102050102010006000105000201070005020000000100010201
02000008020702000201070000050001000101010102000001000601000000000108020100000102010102060000070201010200020100010102020002020000020202010201000201080102010202000000000101000200010200020102010000010205
02000501020701010101000100020101020001020101020102010000010000000002000200020201000000020106000001000102020101010801020700070100000201080200010001000100000000080205020202020000000200000201010002000000
02000001020000020000000102010200020200000201060106010000010200050202000201000102020200010102000102010202010202020001020701000001010201020801020200020500010200000200000001050100010100000600000101020100
06020000020208000202000102020206000002000200010002010101010102000800010101020000010102020200010001000201010202010201010102000201020101020101000101000206010001000106010002080106010002000100000701000100
01020600060101020002060200010002070202010208060201000501010600010202010000020008020102020002000002020700010101000001020101010202010002020202080101050100000000020102000001020102080200000801000000020001
00020001070000010200020100020100020100010000020201020701010200020002060201000100020600010001010002000002010100020202010005010001000702020001020001000001010200000100020200020102000002020201000001020202
00000102020001010500010101020201010001000001020000010000080006000200010002060105020202000101000201010202080701000200000000020101020100050101020100020102020201010200000200020801020200010201000001050201
02020100000202000101020102020102000002000102020001020002010200010101000101010007020002010102010208010102000102010000010201000000070201010102020206000106050001020102050606010100000201020100010602010001
02010102000001010100000102000100020202070200000202000100000001000502000202010100010000020102070500020201060201020000010008010202010101020101000002020002000802010200000008060002020001000502020600010002
00000002020102000207020100020002010600020200000805010202020001000701000000000202010001010100010101000102020202020501010001000000020002010200020201000102000202000500000102010200010200020101020201020201
02020201020202020000000001020000010202000202020200010107010002020100000000060200010500020002000001000202020101020802010200020108010002010100000101010201010001010200010000070201020001010002000500000200
01060100000201060000010701010001000001020100000201020800010001000101020500020100000005000002010201010202010000000200020001010200020100020102080002000002020201080108020100080201010002010100010202020602
02020000020101010102010201010201080201020201010001000100020106020201010001020101000200080000010006010105000201010100010002020002000201000200000100020800010001000000080202020201020001010101010002010202
01000100020202010000020100020002000102000100020201050001000008000202020201020202020001000006010200010201010002020202000002010200020100020601080200000200020101020000020201020202020102020000010202000100
02050200000100000206000105000000000007010201010202010002000800010102000100010200000002010200020201010002020000080001050007010201060106020202000002020202010101020002010201000001010601020102000102020101
02020102010105000101010501000102020201020202010001000102020200000202020201000105000800000001000102010002010100000501000602000100020201060102010208000200010202010002000702010107010002020200020206010002
02020202000101000102010000010101020201010102010200020100020001000201000100000200000207000002010202020100000102000201000202010200010600070005000500000102020001020200010101020102000801010100070100000101
01020202010202020105010201020100010205020002000100010100070202020000020200020000000002020100020101020700020200010100020202000000020008020001010202020006000000010201000208020605000007000006010202010500
00010200000000020200020102060101010101010100010102000001020101010007060101020200000001050202000201010106010207010000010102020101000000020101010100010002010002020000020102000000000001010101000205010100
01070002000001010000020001000002010201000100010101000102000100060802000100010201020201010102000102020202000200080001000102010201020100010202020202010102020001000000050200020202060001050002070100000201
00010200020202000200020200020702020700010201080102020000020101060200010102010100000000010202010000070200010105010002020200010107020202010200000200000008010101020102010001010001000002020202010000020002
00000207010200020102010002010200020600010206020101000000020605000101010100000200010102000000020001000201020701000207000207010201000201010201020101020001050002020101010702020101020502010202000002020102
02000202000000080202020101070001020105010000020001000000080200000202010100000008020001010000020100000000020607000201000700020202020201010200000005020701010107010500020500020200010101050105020000000202
00080201000201000202000202000201000202010000080202020101010102010707000100060007000101000002050008010100010502020701070000020000010200020200020002000808000002000200010102000202000101010201020202020101
01010500000001020100010202020100020000020202000000010201020102010200070000010202010001020002000202020202000100010002010102020102000000010000020100020201020201020202000101020100000102000105010200070500
02010201060102020001000201060802010201000001020000020002020201010102010206010100010202010101010201020202000502020000010101000101020100000208000106020201020202000201020201020101010001020506010502000501
02020200000100020100000200010201000601000802020200010002020100020202010101020202020102020701000107000800020208020201020102010101020000000100020101020200020001010102060206010202010201000000010100020100
01020000000200000007020700020202020102000100000101010101010202070000010201000101010200020700020002010202010202000002000100010500020000050002010008050100010102000002060500010001000102000102020208000001
02020200000102020101000200010201010202010800010001010001010200060100000100010108000001020100020805000102010202050206010101000201000201010001000000010100080005020002000002080200020201010102020101020202
00000500020202010100000208020102080201010702000001010008000200010100020802020008000002000101010600020101010002000101010202020002000000010200000102070101010201010201020201070001020102010207010000020202
00000100000002010102020107010202010101020201000200010001020202000002020201070806000000010201010700070701010202000002020001000201000802000100010101000100010002010101020008000001000108010000000205010201
02020701060702000101080000010201000201010100010201050202020102000801000001070100010500000205000102000105020001010001020102000001000100020602010100000001000200010000000200010201020002020601020206020000
02020200000005000000000005000102010002070202000502020107010600010100010800020001010202020101000001020001010102020200080000010000010001000102010106020000000102010202020600020001010100000100000002020201
01010200000102020000010702010102020200010601000102060002000201010000010102020201010102010201020102000206000601010002010202020001000202000000020201010102010201010201010200000200060602000101000200020105
00010100020006080602050002020102080200020102010200010002010102010101020001010001000000020200010201020001000202020200010001010202010000020105000202020001000200000200020102010200010107020002010102010200
01020101020200020101000000000101050100000800010002000201010000010102010000010101010200010002000000020202020201000101010001050208010201010205000200000001020102060002020100020001020100000602080101020202
02020201020100020202010202080201010207020201050000010102070107010202020202020000010100020701080000020000000201000000020002020101000001020008000000020200020202010000000102020202070002020207000200000005
00010002000102020002010000000200000201010208020002020200020202010007060200000202060201010202010101080002020002050102010202000102000202000202010207010000020102000700000002060202020002010200000601000202
02000502010200000207060001020100000200020208010101020001000100000102000000000201010101020101010102020002020002020202020800000101010000010200000000010102000001000201010200000102000200020208010207020001
00000001060100020000010100010002010101010101020000010200060202020001010102000005000202010001010000050200000101020702010200020201020100070000010101000100010202000002000002000202020202010101010002020208
02020800010207050002020200020008020002000102010701020101000000010100000200010201000102020202010001000501000002020600020108020101010102080102020005000200000100010200020001000001020100000100000201000002
01000102010001010602020202010101010002010100020208060200020800020100010002010102010006010001000002010200000100010200020801000700000801000001050001010002020001010102000202000000020100000101000602010701
00000202020100010206020201000201000000010000000002010201010202050201000101000205020107020202010202010202010002010200010202010102000100020101020200010100020200080101000005070001010002010202020102010201
00010201020001000202020008020001010102020002010002020100010101010001020208020501050208000101020200010202010000020106070202000100000700020600020002000702010002000102020000010200010001010801080000010100
00000201010200020100010202000201020202010102020200010202020200000101020000010101020001020105010001000202000201070106000002000501020602000002070500000202000000000202000002000201020602000001010002010002
02010208000700000101020202020200020206010700080000070002000101020002080101060201010000020200070102020100010102010102020200010002010102010102010200000200020701020100000202070102020200020100000101020202
01000501010001000000020001020002020001000001010201020205010101020100010201020202020200010200010201010201020002010002020101000101070000020100020001000602000102020102070100020102070101000101020200000000
02000100000207000202010000080200000100010202000101000202010202000005000002020202010206020002020102080000020001000200000200060200000208010801000102020001010201000201010102020000020102000101010202020100
02010201020102000200000202020200010100010002020200060102050202000207000101020200000001020001010101000100010201020002000101000001010201050202000201000100010000000000010101000007070006000000010000020101
01010102000000000002000102000202000007010206000501020100020202020102000202050101020000020100000700010202010100010200020200010101010002000001020001020202000600000101020101000000010208010001010000010101
02010201000100000101010201010102000200010200000101020101010100010100010201020006010202020100000702000102010101020100020001010200000202000100000001070001020201020101020705020001010201010202000202020100
01000800020001020101000202010100000200000801020102000702000200010002060201000101000000010002010000080202020106000100020101000000020202000106020201020102020202000102020200000508070602010206050202000200
00000201020000060200010707020102000000010001010802000101010100000200020202050002000105020101080102010101020201000001010200020000010100010000020201000002000002020000010102000102000101000001000100010202
01010800020101020502000502070006020201010001010001010701020006020002020002010100010101000205080102020101020000000202010001000201000200020007010000020002010200000101020700000102020001080202020201020106
00000100010000000202010200010202000102010201010100020200000207000002000002000100000000000101050102010101020202020101020108010202000002010101020002000100010102010100020101020202010201000500010006020000
00000201000602010107000201000107060101020001000206020201010202010202000202000207020000000102000002010000000101020100010001020600010201080002010106080102020801020100010202080201010007010000000101080101
00080101000800000000020000010102070600020101000200010000000001010202010001020001000101010101020100080102010201010002010202010201000000010100020200000802000207080200000102000200000601010102020102060102
02000205000008020101000201000101020000000201020002010202020101010202020101000102010101020200020108000202000100000100010205020001010008050200020000000102020200020101000002010202020207020000060002010000
02020501010200000002010000000001020100000100000101020100060000010002050502010000010000020200010600010802010100000202010208010000010101000100020101010200010101000002000101020100020101000205010101020108
02050002000002010102010201020802020002000002010100010600000200020202010202000101020208000102010001000101000101000208010001020600010206000001000000080001000202000200010000020201010201020001010008010202
01020102010101010106020002080200000102080000010002020200010100000100020106010006020000010201010001010200020101010002000200010201000206010101000002010001000100000200010202060000000100010102020001020202
01000001020002020200000002020100010200000102010501010101020002020700020202010102010202010102010101020208010102000201020102010100010202000600020102010006020200000000000200000502000202000000010700000101
02000201010201010100020200000808000008020200010000070102010001020101000601010101020002020102010101000101020000020200000200010002010500000001010201020202000201020001020001000000020101010001020600010101
00010001010106000006010001000000060201000001020102020002020500010500010201010001020200010001060200020000000202020102000201050101000101020201020000020002010202020000000500010101020200000002020000010201
02000101000002010102020101020101000502000201000102020001020702020208020200000100010001020001010601010101000507020101020102000102000102010002010201020500020000010100010202000002000102010100050100000001
01000000010000010000000202070002010205000202010107010201000200000200020001010208000202000101050001000507020200000000000701020001020006010202010202000201020202020200020000000101000700010101000101010200
00020100000002010001010100010200000000010200020008000002010002000202000102020201020100020102080002000002000000010101070106020002000102010200000107000005000008000701020002000000000101050206010002010006
05050101010202000002070102020201000202020106010000000201000001010602010002060101020205000008020200010102010800050100020000000101010100010000020200010001010101010201070001000202020201020201020100010102
