02000000000002020002010005020502070000020202010102010001010102000200000100000002020001020101000701010001020200020002020201060100020802000001020001050202000002020001010202010705020107000200000200010101
02010001020102020002000202000101020102000001000101000101010002010100020002020101020002010202010202020000070000000202020101000100020202000001010000010101060602000102020201010101060102010001010200020002
00000505010001010200010102010100000002020002010500010105000102000100020101000002010001010001020102020100020200020801010506020702020100000002020200020101000001020201070101020101000102060000020200000006
02000200010008020100020100010001000206000100050101020101020001050200000000020101020702020001020800000700010201070202010001000002010202000201010101020002000201050201010101020201000800010201070102010002
01020001080002010001010102020202020202000102000202010205010101020200020001020201000100020102080001000101020000020100000202020006020001020002010201020000000001020100000200000100000002050002000100000100
01010000010200000000050202020102020502000201000602000005010001010002000201020101010000070000010000000202020200010201010002010200020602000201020201010001010100000101020108010002020200010601010202000100
01080002000001000102020100010101020101020205000700010800020202000102000100000101020000010101000101000000010000060701010001000202020001010102050202010101000201000102010102020000000506000001000102020000
01010602000801020201050802020000080600000100010000020100000101080007000100000100000102020202000200020700080001000000000202010801010200020202020102010102010002010106010100000102000201000202060101050002
02000100010007020000010202010202010202000102080702020200000002010202010102060200020101000102010101020208000000010202010100020001000201020101010200000000010101000000010802000002020202010201000000010101
02070002020101010000020001000100000102000208010201070200010100010102080000010002020200000102000000070601000202010202010802010200020102070001000600020202000802070001060000020500000000020202010200070700
00020701010602020000080100020100020501010001010202000600010201010202020106020001000501000102000101020002000802000102010001020200020100020101020001020201020801010100020001000702010201000001010102010200
00000206020100010701010100060001010102020202010101020000010102020201010202000202020101000000010502020201020202010206010007000200010700020000020102000002020001020107000000010008060801020102000101020200
02020102000002060202020002010106010001020201000701010100020100020808000100010201010002000101020100010101020000020201020002020000000000020108020101010102020808000100020602000202000201000800020000010000
01020502000201000202000000010101000602020600000100010100010202020101000202000008050100020002060001060000000501000800010201000201020201000102020202010102000001020502060201010200020100010701000108010002
02000002020100020000020007020201000202000000000007000202010100010002010200020201010200020202020002010202020006010201060206000202000002000100010002000000010002000106000205020001070800000102000601010100
01020101000001010101000002000002020100000501010202020000020201000200000002010000000102010102000002010100010106000000000001070002070001000101010002000001010202010007000006010700000002020001050208000200
08000002020002020201000200020000010002010101000100000202000201000202020702010602010000010202080001020100010000020006000600020102020202000102020201010102000201010102050002020002010100010102050006020001
02010000080800000202000200020200060702020502000100010102010002000002010102000001000201000201010200010001000101000000000102010100000100000200000201000202010101000202020101020007020201010202020201000100
01020100010101010201010702010107020101010000080001020101010201050000000601000201010208020002000200000107010200000100020001000202010200010107010102010002000202010002010208010200050200010202000202010502
01010502010000070106020201010102010200000002020001010201020202020005010007020202000102020102010000010100010100000202020100010201020100000100010000000102010102000101010100000200010101020100020201010102
02020201000001000108000802020502020202010000000000070001000100010200000202010702010008050102010202050005010100010200010101020201020601000101020201010002000200060001060002000208010705000100010102010101
00080000010100020100000101010202000200050200020202000207020002020101010202020008000008010102010200020001010802060202010002020000010008010201020202020102050001010201020000010100010200020800080102000100
08010002000201000201000000000200050100000202000001000101020200020100000101000002000000000005010100070001010100000200000101010702020000010102000101020202020202010201010201020101000102010002020202010202
08020002000202020102050102020002000002020200010000010501000000010102000201010201010207020101000102010208010202020000080102020102000000000100020101010001020100000702010102010002000002000007020101000000
02010100010200020001000100000002000000020008010102080002010001000002000202000001010802000001020802080100020002020108010208070100070100020202010201000201000102000007010001000200020202010201020000010600
02010002050002010200070602010700020801020207010100000200050200000102010501020101000001020002000106060001000102020202010100070102020202070002000008020001000801060000020202070001020201010102070200010000
00000200080502020006020202020800020201020100000202000602020002000100010100010202010005020102070200020105000800010501020001020102000202000101010201020801060000010102020200010502020601020101010101010002
02020002020101020501080002000502000101000001010202000101010501020202020106010000020101010002080001020202010101020000020801080200000101020006000002020002000207020101010002000101010102020002000101010502
02020106000200010107010202020801020801050101020602020600010001000002010001010201020000020001010100020000010201000002000100010200020600020002000101020001010000000000000206000208010100020000020202000101
02000100080202050702000002020202010101080200010102050600000001010202000101010002000002010008000202000002060202010107020002000100020200010002000100070202020101020202020000000006010101010000020001020200
01020101000201020002020200020002000201000200070100000100000201010101020501020202010200000101000102080001050000070102010100000202020000010100010202020100020002010605000802000601010201000200010008000000
02020207010206020001000200020201080002020006000000010002000200010102010102020201020201060007000000010201000100000002020201010202000001050001060801000002010002020002000200000101020200000002020101000008
01020201020002020700010100020201020700020002010000020202010101020200020001020000020101000108050001010002020502000101010700000002020202020802020101020200000200020000010001010000010102080801050801000101
00010102020001010602010201000202000002020200000201020000000002000000010202020600000501000107000100010201060202070702020200010001020200000000020000000201000200000502020201000002010100050802010000010001
00000101000102010100020200000502000000010202000200000205080008020001010701020202010100010202020001020200020202000102010000020201010208080502010002000001010202010102010002020001020101020202010202020201
01060000000101080002020101000002050002000200020100010202000002000200050101020002010200000202000001010100010000080001000108000205020101000100060000060002000800050001000200010000020001000601020602000200
01020200010102000202000202000101000201010201000101010202000802020108000602020002010202020201020102020100050001020108000001080108010000000200020101020202010001080201010001000101020200070602050102070201
02000502020102000200020201010108020101010100020002020202020201010200080008000001020001000100010205020000010200000001020000000006020200010101000000000202000201010101020200020201020100010200010202000600
02020207000107020202010800020202020100000000000202010200010200000007080200010001010100000202020001020806020701020002010100000200060200060200000202070805000202010602020200010200020201000001000102010202
01010102000201020001010005000201020101000000020002000801080100020202010201000000010102000102000000020202000202080102010201010205070002010102020502000001020002050100000700000601010105000100020201000102
01000101020801020001000206000001010001000106000101000001020201000000000802020800010201020001010000080100020206010000020201060001060201020701080200010001020000010101010000000002020000010101000201020201
02000102000202020800050102010002020606000201020502050002020000000201060700010201010206000102010102000100010100020100000605010102010102000702000002020600010001020007020200000002010002020206020802020000
00020201000705070000000200020600000101020107010101020102020107000201010202000101020001010200020200020100020101000202010101020200000101020101010100010600020201070002010202000100080000020101000700000207
02000001080002070201020700020201020200020100010201020005050207010202010201020202050000020100000201010101000102020002000500010101000001000208000801050002070500010100000202020000010201020702000206010000
01020601010201000002010201000000010200000801080001010106000205010000000200000000020100000202060100020202070001010100020200000001000107010108020100000101010105020200050000010100000102020000020202010505
00010200020107020200020008020002010000020001020000020100070100010100020101060002010200010201020005000100010202000102010102020100010101010201020200000000020200000202000102010002010100010100010201010002
05000101000000010002020200010102070808000002000101000105000002010600000800000101000105010201010201060102020000020201020200010000020000020101000702020002010001000206020202010101020201010002010005000102
01010501010202020201000100010101000202000000000202020002000000010201020100060101000202010102060100020202020205070002020001000202000101020000010202000000070002020100000200020100010200000000020000020000
00060000020101010100000200000100000001000000020101000501020101020102020200000600000600000200010002010701000207080201020002000200020002010800020100000201010201020102010002010102010802010001010002000001
08000102000200000002000501060201010200010202000002000207000102060202000201000200020200010201020001070202020200020001060102020001000000020201000000010102010102020101010000080201000001020000020208010002
02020200020201000500010200000201020102000007020700000002020101010001060200010001070000000702020101070101080000000200000001000002010000020000050002000201020001020100000100020200020000020200000000000000
00000102020100010201020100010002000000060100010001050102020200000102000002000000050000000201010200020100010101070101000107020100000000020201010200000601020101010102000101000105000502010001010200000501
01050201020201080000000000000201020002080001080101010001010201010001010100010100010102010002000001020001010001000001020200020200020202010002010100020101000201010100020207020002000000080202010005010202
01010002000202010100000702000100070002000102020000010602010100000206020201010200010201000101060200020200000702020107010000000205000807000200010000020201020101020107000600020000020000000200010202000602
02010002020007000001020200020201010001020001010202020108060100010200010708020001000102000202020205070002000000010000010202020001050100000200010002000101050201020202000200010706000200050102070205010001
02010200000101000200020001010001000200020201000001020100020701000101050202000202000102020101050101000200010100020201010200010106020101020102020205010802010200020601080200050100020201020102010002000106
02060605080001020201020000000001020100020001000202000201010006050205000102080101070100020102000000010202020002020201010201010000000100020202000500000202020108000000060202020102000102070000020200010001
00000201020102010101060000000200000000000100010001010201020507000002010202020002020200010002020207010001060002020100010101000100020100020000070202010506020000010502020200010001010601010201000800010201
00020102020100010001000001020100010202020200020101000102010001020000010205010002010000000200010101050001000201000802010001010202000100080101000702020500020700020001010100000101010200020100050207020005
02000000010005020200000000000202010102010201010202010201000600000702000102020202000201000202060200000000010000010108020202020001000108010100000200020101000202010100000100020105080006070100000202010100
00000000080101000201080202000202020601000100010108020207010100000102020200000102000101020101020102010101000101000000010201020200000002000102000100000202080000050006020001010102010202010100010102000101
01020002000602000001010202020807020002010202010001020201000002020202000000020002000105070101010002060106000202010200070102060202000502000001080000000202020002010100020200020000010000000106010002010000
01010001020000010100000201000201020102010200080201020101000102060001010801020002010107000201020800020200010102020201010102010000020101000200020201010200010107000200050000010106000000010102020102070001
00010002000102080207020101010000020101020102000600010100080200020102020202000100020101010801020200020202000201020002010000000006010000000101000001000000020101020200010201020202000200020108000200010102
00000202020100010202010002000800000000000200010002020201000200010001000101020200050001010206000002000102020201020002000001010108020106010200020001010101060101020102010002000201010207010202020201010201
01020002020002000700000002020206010100070200000201080201000000010002000201010102000200060006010105000100050200000202020001050201000200020201010000020100020202010102020201010202010000000801000102000100
06000105000002070100000101010100000100000100000801020105020207000202020005000201060102010001000101010801010102010200000106070000010201010002010000000106020201000000070000020201000200020202010501020502
01010600000001000201000502010200000202010205020002010200010002000202000200020105000701010002000006000201060202000101010200010102020200000201010108010200020102000101010201020002020200010500020207020102
02020001000102000200000202010002000100010200020802000102020201000101020101010202050101080201000007070100050002020002000102000202000108020202010001000008020202070100020206000202070000000202070100020202
00000002020100000201010000070800010000010800020001020002000206000000020008010002000100000102000102000002000205010001010101020000000002020102010102010702080201020202000200000102020100010201020201070002
01020200020002020006010101010701020102060100020000020000000000000002000101020100010007020602010100020100000500020101000000010100020707020000010005050701070201020000020000010102000107010102020101000701
00000001020100000200020106010202010200000200000200020002020002000102020002020102050101000202010000020202020102000001000108020002000001000201010202000101000202020200010001000200000202000202020102000008
02010102010208010201000200010202020101050102020000010200010101020002000200010202020002050100000101010002000201020201000000020101050207020102000000070102000000000802010102010001010102020200010100020102
00010007010201020001010000020002020006010202080700020000000000020100010202000008080001020001000002000000020002020106000506000200020702000200010202020000000101010001000001020002020201020202000101000702
02010207010100000000010200010201020207010201080202060201000102000001000201020101020202020001020201020200020000020208000002020208020202000001000101010006020100020001000100010102010002070207000100000206
00010200010000000102020201000100020601080000010001020106020007020001000102000101000607010502010200020201020202000000010102020002010002010106070105010101020000020600000105000202020001020700060500010101
02000201010708010002020000010100020101010202010102020100000202000200010100010100010202050202080002050100010001020000000001010002010001020200010000010100000001010200010200000502010200010202010502020800
00020200010002000500010200000202020001000002010108020002020100070100010008010000010202010101010505020001000100000206010702000206000200020201010201010202020102000102010500010500020002010207020100000202
02000202010802010208020002000000020106020006000002010207060500020700000800000800010100020001000101010100020200010201000202000105000100050000000202010206010102010000080201020001010008060001010206020200
01020100020000000201000001000207010101000002020002000001060000020100010001010000000200010600020002010200000201060601000001020101020201000200000102070100000101000001000000000200000200060200050202000000
00010200000101000200000100020000000001000100000502070002000000010001020201020002010202020000000500020102010202020001000105020202010000020200010001080002060102020101010200010202020200080501010000000008
01020200010202020202010200000000010201010801000501020202010700010001000001010001080200020002020801070207020607020000010205010207000002010102010107000102010101010201020202020100010201020208020202000100
01020102080006010205000101000000010001020206000102020100020000010806000102020100000801010102020100020102000000000101000107000001010001010800020002010202010000010202000200020101020200020101020002000101
01000000000102000202020207020100020000010102010201010102050001050001020101010202000001020000020100010002010200010101020101020000010001000501080101020105020000020001010007010200010101020102000102010206
05020101020200000200020207020106070102060101020102020101010200020201000001000202020102020002020001010001010206020200010101020100010102070002020200010601020001020100020000010702000607010101000200010202
07000102020002000001010102010208010200000100020100010200020002000801020001020108000002010102010000010102000202010107010100020202020500020200010000020000020100060200010002010101020701010202000201010200
02000000010001000000020002000107020002080102000102000201020002010100080001050101020802020102020102020202020602000100000102020000000600000000000205020102010200020202000100020101010106000200010001000007
06000202020002070702000202000202000102020001000000010000000201020602000101000702020001000200080002010700020000020201000005010002020201020000020107000102020006010201020002000600000100010201010800000200
02010200010101020000000100050100060202010201020202010001010101010100000202020000050202020207000002010600050002010707020101000100000000000002000100020000020101020101020700020201020000000201050100000201
01000101020102010501020101000102020100000101010100000701020000000100020101000200000201000101000200020200000802010102060002000001070200020202010001000101060002020500020202010001000202020102080202020002
01000007010006010202010200010002020601000201000201080100010202020100070200010101020201010205010201010000010201010101010000010002020801020200020102010001020200000100010700020700000107050701000200010102
01060000020102010100010101010001020101020502050000020002050107000105000100010100020101000100000201020702000100020802010700010107010002000201010802010100060007000000000200010000020201000102000200010206
00010200010202000002000101020002010202010700050102020000010100010200000100010002010207010201000201000001010200020200010101010202010801000200020105010001010702000700020207020202010002000202000005020002
00010101010001060002080200000200010001010100010700020202020600000202010200010502000100010201010001010101010001010200000101020001020002000100000101000100000207010202010102020202020000000002020202000002
01000200020001000202010100000101000200000102020200010501010002020001020005000002070201020002000200020200010200010102010200000100000202020000020201020202010100000102050101060101020101020102000100060105
00010201000207010001000002020506020601010200000002070101010201060101000601020201020202020000020100020002000202000207010200020506000102010102020005020102010001010001020200000601010201000202000105020200
08000707010100010101020101000001000000020101000200010102010802010205010201010702000002000200020200020100010000000002010202000101000200010207020202010102010201000206010201000200080101020002020101010000
08010002020101000001050008020002020202000002020100050007010100010108000100020105020200080205000000080100000205010002010100010001060201080207010100020101020108010101010000070205010200010202020201080201
02010102000202010200000100020205010001020200010100000501020102050200010001010001010100010101010202010001020002020201050707010205020002000000010207010501000000020100010000020100000102000701000201000102
00010100000100020200010201020200020108010001010101000000010101070200010102000200060002020000000501010201020000020201020101010201020701000200020101010000020007020102010001000102000000010100020102020101
