02000102010102010001020002020001000202010601010208060202000000000001020002020101010207000002060002000100000102010101020202010107000001010101010002000802000100070102010002010101010101010200010200010002
01010001000001010202000200010100050000000101020202050205010102010000000000000201010000020100070200010002000002080002080100000202020602010201020001020002010000000102010002010002020701010100010100000200
02020202050102010202010201020000010105020200010200060200000002000100020101000200020000050706020200000102020100020802000202000006060101020000010000020202000608010101020008010101020101000000010005010200
02080200050002010205020002000200000201000100020001000701050100010200000100000001020102020200000106020001010101020106000002020102000000020002000200020007000101010700000000020201020500000201000102000001
02010107020200000600000100000202000001010002010201010100010202000201020700050002000000000002000701010001010202000202000000020202020102010000020202000802010107010201020102020501010102000000000200020002
02020102010000020001010202010102010808010702000200020101020100010100010202000002000708010000000000010001010100010000010202000100010002020101010100010200010701000000020101010800050101010201010200020002
07020002020200000201010702010001000101010002010201010102080102000102010200010202020202020201020002010102010102000101010102080100000701010002020202020002010201010201020100010101000100020502010200010102
02000000000101020201010100020701000100010201010200020101020102020002000001010100000100080000070202070200000202020102000001020201010200050102020001020001000200000000000000020702000100020100020602000000
00080800000101020000000501060702000102020200020200020100010201000002010801000102000000000200000802010501010802000202020002000101000001080101010201010102010101000200020602010101050100000105020000020108
00080101010002020001020202000102010202010007000002010801000002020000020101020200000202000101000102020200000102020101020001010102020101000102010000020100020001010600060001020106010100000102000201020102
01060108010100080100010105070100020102010002000101020207010002010201000100000000000600020102020605020201010208010100020200010600060600070202000802010006020002010101010202020000060200010108010100020002
00010101010001010005010002020201020102000001000202010201000102020101020002010202020702000200020202070602010202000202000102010201050202050000010001000100020101020000000200000101000000070200020201020000
00000106010100020100010002010000020001020202070000070101070101000100010001020100020001010200000100000002080201020202000200010202010100010102020201010208020800000101020201010000010005020000020201010202
06010002000202020202000200020200000202000000000201000201010100000101010000010802000200010200020101010206010100020000010100020101000002010702000606000100070001020200010201010102000702000100000001010100
00020100020001020201000001000201020002000000000201010108020005020200010001020000000102010001000101010101010001000707020000050101010001010200010202000702010200020202020000000001000000010100020801000000
02010101000200000700000100060201070800010201020202000101000001000002020201010707020202010002070101000200020002020501020102020002020101000208020100000002000005020102010100050005010201020108000202010100
00000201020102010102000001060001010102080002010000020207010108020001010801000001010201020101080100020101020000000201020000000001000001050702050000010001060202010202070202020101000002020202020100010005
01010802010102010501020000010800020002020002010102010200020100050100020201020000000002010202050102000800020202000202010001010200000201050102020201050102000202020000010702000006020101010101020200060208
00010001010102010200010502070201010200020106050202020101000200020000070001010002010200010100060000010008020002000001020102010200020600000201070007020202020200000001010202010605010002010702020601000802
00000001000100000800000001010000020200010206020101000002000100000602010600020001020702010101020101010000020106000201010201010201020102020100000000020201010101020100020000020006020001000107010107020100
00020002000001010705000001000100020001000002000102020202020202020201020202020100010202000106000600020101000200000002020100050101000000010002010202020502000100010002070101020000010102010001010100010101
00070002050100010100060202000005020105020100000201010200000705020001010202010806010201000802000001010000080102020100050002020002010502010000080102010202000202000007050202010100010002000100000208000105
00000102010000020100000200020202010000020001000201000002010002000200000000000000010101000102020102020502050201000001080702010102080101000600010201050102010202080002000200020201000002010000000101020202
00010202020102000201000201000202010101000201020005010002000201010002010201020202000600000201010101000200010101010202010000000000000200020001010101070100000201010602010200070200000005020000020201010001
02010002000100000801020101000001010202020201010001000001000200010105000005020001000202020100000001020001020002000101050701020101000106010102020100010000020102000201000200050002010002010001010201010100
06010001010002000000000000010100060201020002010101020200050101020002000501020502010201000202070002000001020208000201000000010001020000020101020100000002000000020201010101000201020700020102020001010207
06000202020102020201020201000202000001020101000100000206000206000102020208000507020102010005010201000101000000000001020001000205050000000101000100020102010802000107000001020001000100020101020005020101
00010100010001000101000100000001020100020106010201000100000200000201020000020200020001020200010100000106020000010102000201000001080200010202080102000005020202000101000100020002000002020206070202020001
01010201010002000102000802010000010202020101000500010701020205050000000201000101020100020002000102010102000202010102010701000202000001000002010201020202020102000001020200010202070802020101020102000102
00010200000001020701010001000501010100000102010101010100010201010001010801020001020200020502050205010001010101020208010000020201020102000506000100000001000801060000000200020202020102010000080102020101
00000101020100020107020200010201000101020701060202020001080002020000020001000101020100020102050102010100000101010200000002020600010101010200000102020102000001010700020200000101000108000801020202000100
06020201020200020205000200000101010002000102080602000202010200010202010001010501080702000201010001000102000101000002010101080001020007020001010805010200000000000101080800020100010001000101010101000000
01000101020200000100000101070707080001080102000101020000000100050101010202020202010008020100010200000001020101000100000102020000020102000207020200020100010100000201010200020002020102010200020101000107
08010101010100020202000100000001070000060201010205020000000001020002000002020002010201010000010001020000000100010101070800020500000100060002000001020002010202060000000002010202020201020202060002010200
02060001010000010001020202010208020002020201020001010001020000080101050201020002000602000002010201000002020802010100020202000102010201020100010102060200010000010501010000050202000105070101000102020200
01020801020002010000010100020102000200010000020000010000000100000100050202010000020100050001000000000106010102020202000000000101000008020002020600000102050100020500060001020000060502020001010202020102
00010102000108000101000002000200010100010000000101010001020200000101010800020100080201020100010001010201010001010001010100000000000801080200020202020200000201000006010101000100020102010002010100000102
00000102010108080105010102010100000801010201010002010102000001000001020002000202020202000205010002010502010002000101010201010606010102000102000201020102010200070200020001000102020001020202000005020006
02000202010101070002060002050201010102000001020101010101000001020000010200000101000201010200020102000102000106070000080106020702000202020000010002000000010106010000000000010100000202000200000208050200
01020100010101010201020001000000020201020002020202010101020202000200010201010100010802000000010100020000070002000100020000000202020200010000020101000107020108010202010100000108010602010200010100000205
02020000000202020101070001000000020601060602020200020206010100020002070000000201020202020000020002000100020202010801010601000101050102020002020202000002020601010800020201000001060202000202020000000702
02020007020000000102010006000201010102010000010101000201000107010102020201010205000800060002010001020201020700010102020201020200020101060001010202000000020101020100020000020101010008020102010002000001
01020102020200000100020100080002000101050002020102000202000007000102010702010208010000010200000205010205010107020100000101070000020202060202000101020102020202000002000201000101020100010000010100020006
01020207000501020101000200000001020201070101020000060201000100000001000102010100020100000202050202010002010201070007060005000102020102010802000202010200020102000201000200000208020202020001000101020100
01000101060008020207020101000202020201010201020002010100010800000102010102000202000200000100010108010201000002010102010007020102000001010500010201010800080100010101050202070102000200000001020101010101
02010002020000050002000100050101020200020600020106020000010100010101050100020102020000020100020206060101060600000102020200010001000000010001020101000100000002000107010202010100020100010102020002020200
00020102000100000200080101020207010001020001010501010202000106020001000101000001010202000002020100000202000101070200010101020202010102020801020002010201020601000102020100010202000102010102020202000201
01050100000102020201010001020002000207010100080102010101010002010200000101000000020001020000050001010102000101010202020100020001020201000002000202010700000100000101010801020002010001000205020000080001
00010101000200000101000201010000020108000101020100000101020100020201020100010502020100000201000102010005000002010101020200020000010000020101070101000001020100020202010002000601010001010202010000010202
01010201020001060200010101010808020201020201020202010208020002000100000002020101010001020202000001020002000102060200010202000001020000000102020202000001000207000100010101020102070101020000010601020202
01000102000101020200000100020200020202010207020008000500010100020202010000020100080000000202010106020002010100020200010502020202010201000200000102080007010202010601010200020002020100000200020202000200
01020002000102020100010107020205000100020001020100020200020101020202020700000100010100010201050700000001000100000002010100000100010002000107010100010102010201000100020201010202000206050102080005010208
00020700000100020001000105020006020202000702070000000102020202000801010106020602010101010006080202020202060100060000000100010100000201080201020002000700020202020102050001060200010100060200010000000002
00010102000200020002020202000102060102010208020202020201000202000000020201020200010001000002000200010008010000010201000002000801020101010202020001000102000000020101010001010102020101020201020101000600
00010000020806010002010201000105010802010108020200020001010201080102000201010102020102070100020002010001010501020202060007010001020202020002080002000101010801000100000501010101080000000101020700010102
01010007010001050602020107000201080102020100000207010100000502020101010102000001000201000202000807080100000601000100020001080101020000020106010005060101020001020002000000010201020001000100050100070100
01020000010102020202010102010600080102010800020001060801050802020202010201010100010200010102080100080108020001020100000700020002000201020001000202000201020005020101020006020002000000000202020101000202
01000502000001000101010201070702020002020102050001000702010101010200000108010001000202010200010000000201000001060801000202010200010202010000020006010100010602000200010202080101000201000000010002020000
01020207050001070200010501020102010001020001000200020100020202000000000000020202020000000102000200020107020101070102000002020002000002010202010200000202010102000102010008020102020107010102000202020101
02020202010001020108000201010001000202010108010101000002010002000102000000010100010101010200060101020200010202050200010207010202000207080001010002000202070201060202020000000002070001010000000200000102
00010100010502000102000202020102020100000002020002000001010100010007020200000202020201000200020001010000000101010001000700000200020102000102020008000102020101000002010001000102010100000102000200020105
08010002020101000000000100010200010100010800020100000208020102080702010101000002010200000201000600020105020000010600020100000202000001000202010200010202020702010102010000020702010000020100010101020102
02000601020102000102020002010000000007010000000601020201010107020000020207000600010102010002010000020202010101010200010200000601000000000802020001000202020000000002020001000101020206000201010501010201
00020100000801000801000101020200020202000102010200000201000101000002050000010202080000010001020101010100010102080100010101000202010602020501020701020201000101020202010102060100050102020202000202010005
05000001010002000101000000000201000102000100000200000001000001020200000502020001010100020600020102010202020101000201010100020201000002010001010201010508020201020102010700020002000008010105020002020001
02020001060001020002000002000100050100020000000102010001000102010202020000010101020201000101000101010002010106020006010802020101000201010001020002010100000102010001010102000001020100000007020102000200
01020202020000020000020202000202010000010002010100010000000200000002010101000001020102020001020205010700010102000600020101020201010202010201020201000006000100000100000208010201010102020600010007000006
06020002020101020200020101020005000002000101000202050107000200000200000100000102020106020100020100000108000200020502000101000000000100060201010501000101020001010700060205010501010201020200010501010102
07020001020501010201020102010001010000000100000201020801010005010201010002020008010000020202020102010202070202020200020000020600020202080202010201000202020002010000010205010002020000000100010102070201
00000200000001070000010800000200020000010202000202020108010207020202010102000000010102050001000002070001020002000201010101070100020006000101050002000001010000020101010502010201020000020001000101010000
00020202020200020002010000010102010002060101020200010000000201020001010000010200010100020202000001020102020101000101000001060201000200080000000101020002010102020202000000020202010002010102020702050007
02010108000700020202020000020200010100010202020201000602050000020000020102010605010201010201010201000200020206010202020000010000020202000201010107020701020105020102000202010501020201000701010101050002
01050000060200010200020202010000000000020002020000000502010000060202010200000001020100010101000602000001020202080001010201020001010101060700000000000202050807010105050202000102010002010102010100000001
05020702080800020006010101020102000001000007000100010206000600060200010002010102000002010101020200060102010102010202020001000100020000000002010802000102010001000201010101020202010201000002080202010001
02010201010102000200010200020102000101000102020101020001000101000202020001000001000000000502010100020001020207020008000002020101000000010200020000010001020100010200000006020002010800000000020602020101
00000000000202000101010201000208010001010101020202020107060002020101000001020502010002010201010602000202010000000002020102020102000002000001060100000001020000020002020001000801000101010100020101050101
00010801000607020501060101000002010100000100010100010102020200060800020002000202000202010502010000060202020001000100000202000102010101070102060200020700000201010007000002070001020208050102000005020001
02000601000200020201080001020502020000010200020101000000000002000202000200000102010002000001020100010800000000060001000101010101010102020200000101020100000001000102010200070200020002000108000106000102
02020101000001000001010000010601020100020102020000000001010200020201010001020802010001010002000202010101020701080802010201060106020200020202000201000007000701010100000101000200020101020200020201020102
07000102010002000102010202080002010102020206020102020002020806020101010002010200010101010202020101020201000601000101020002010102000607010002020100000100000200000100020000000001010200020001010201020201
01000100060201020101010202020201010000020002020802010102020101020202020202000000010201000201010100000200060100020101020106010002020202000202000100000100080205000101080101010002010000020106010800010201
02010002010101010102000200010000010101070101020202020200020505000102000000050500010002020202010005000201010100000000020202020100020200010101010101010101000008000100060201010201020000020000000001000201
01010200060002020101000101020001010002010002010207020200010202070201020200000201000601000006000105080102020000000108020107020101020202020101070008000002010807010608000000000802020201000000000201010201
02010101020101000605000101000002000106020200000002060002070102000000010101010007000200020201010002000202000101010201010000020102010101020100080202000102070100020107010105070002010000000102010202000200
02020001000201070000000100010001020001080006010101000001020201010001010802010200020101020002020002010802020000010001000101020501020106060200080102010701000200010001020002020102010001000102000107000000
01060201000201010200060105020001010101010202060102010202020001010201010008020001010200000200020102010201020501000201000002010200070000000100010701010007020100000000010202020200010102010000010100000001
05010000020002010101020208020202010202000105020202020007060002050100070102020500010108000100000106000706000001050000020201010001020000020201050202000002080101000002080200010102000100000000010101020102
02000000010202010202010200020001000002000000000001020002010202010100000000000100010802020000020200010107020002010505010501000100010002020101000000020002020201010602010102000201020200000102010200050101
00000000000502010202000600010000020006000100000100020002010100020000020002020501020201010001000101000101000201020100010205020200010100020100000102020106020200010000000102010101020202000102020001000100
02010200020202010205020000000001010202080202020000020101050106060205020200020202000102000202020202020101020202010200070102010102020102010101020208010002020201000200000200010001010101010101000206010102
00080202000001010000010001000202010002020000010202010001000000050201000206000002020001000800010200010000000002000001020201000101050600010101020100020001020105010200000200010202000001000005010101000002
00020108010202020700020100010201010202010001020100020101010601020101010101010207010002080001010002000102000202000102010202020001000201020002010001020202010000000100000001010202010006020002010101020100
02010000020505000202010000010100010001000000000101020002000002000001010102000205020202050000070001020002000005000601010201010202060002020202080101010201080001020000010001000800010202010106010000020000
06010000010100020102000000010600000101020100010201000100000001000201020100010501020001020202010208010602000200000001010001020100020202010206000100010100020202000001010100020100000201000100000202020000
00080106020001000201010200000202020001000006000202020201020000000102010507020200080005020002010200020700000002000101010000000001000001000100010100010202000101060202080208020202010102010201020200020001
00010002050102010002000100010200000000000802000102000200000200000105000002010002020001020100020202020102020001000100000001020201020001020202000101060205010001010001000101020201020007000000010002010001
00010000060008010202020001020201060100080005020100020102000000000006000005000202070000010105010201080005060200010200010101010201000007020002000202020200020000000101020100010006070002000001060200010200
00000202020101010002070002020006020101010001020201080501020002020201010202010200000101050106010000020800000201010200020108010500010101020102000100020101000201020101010202000202020102020200020202010002
02020802020100000208000201010202010600000107010000060001000100000000000105020101020101020102020002050201000200020800000001000202000000020101060001020207010100000001000100020202010100080201020201010001
00000101000000000202000202010208000001000100010001010100010800020500010000000001000100010001010200010000020100000001010202020200080005010000000200010201020100000200000200020200000001020200000201010201
